3,5,1,50
6,5,6,0,2,50,51
6,6,7,1,3,51,52
6,7,8,2,4,52,53
5,8,9,3,53,54
7,0,1,10,11,6,50,55
9,1,2,11,12,5,7,51,55,56
9,2,3,12,13,6,8,52,56,57
9,3,4,13,14,7,9,53,57,58
6,4,14,8,54,58,59
4,60,5,11,15
9,60,61,5,6,10,12,55,15,16
9,61,62,6,7,11,13,56,16,17
9,62,63,7,8,12,14,57,17,18
8,63,64,8,9,13,58,18,19
7,20,21,16,65,10,11,60
9,21,22,15,17,65,66,11,12,61
9,22,23,16,18,66,67,12,13,62
9,23,24,17,19,67,68,13,14,63
6,24,18,68,69,14,64
4,15,25,21,70
9,65,15,16,25,26,20,22,70,71
9,66,16,17,26,27,21,23,71,72
9,67,17,18,27,28,22,24,72,73
8,68,18,19,28,29,23,73,74
7,70,20,21,26,75,30,31
9,71,21,22,25,27,75,76,31,32
9,72,22,23,26,28,76,77,32,33
9,73,23,24,27,29,77,78,33,34
6,74,24,28,78,79,34
4,35,31,80,25
9,35,36,30,32,80,81,75,25,26
9,36,37,31,33,81,82,76,26,27
9,37,38,32,34,82,83,77,27,28
8,38,39,33,83,84,78,28,29
7,80,30,31,40,41,36,85
9,81,31,32,41,42,35,37,85,86
9,82,32,33,42,43,36,38,86,87
9,83,33,34,43,44,37,39,87,88
6,84,34,44,38,88,89
4,35,45,41,90
9,85,35,36,45,46,40,42,90,91
9,86,36,37,46,47,41,43,91,92
9,87,37,38,47,48,42,44,92,93
8,88,38,39,48,49,43,93,94
5,90,40,41,95,46
7,91,41,42,95,96,45,47
7,92,42,43,96,97,46,48
7,93,43,44,97,98,47,49
5,94,44,98,99,48
8,55,0,1,5,51,100,101,105
10,55,56,1,2,6,50,52,101,102,106
10,56,57,2,3,7,51,53,102,103,107
10,57,58,3,4,8,52,54,103,104,108
7,58,59,4,9,53,104,109
11,60,61,50,51,5,6,11,56,105,106,111
12,61,62,51,52,6,7,12,55,57,106,107,112
12,62,63,52,53,7,8,13,56,58,107,108,113
12,63,64,53,54,8,9,14,57,59,108,109,114
5,64,54,9,58,109
9,55,10,11,110,111,61,15,115,65
12,55,56,11,12,111,112,60,62,16,116,65,66
12,56,57,12,13,112,113,61,63,17,117,66,67
12,57,58,13,14,113,114,62,64,18,118,67,68
9,58,59,14,114,63,19,119,68,69
11,21,121,70,71,15,16,66,115,116,60,61
12,22,122,71,72,16,17,65,67,116,117,61,62
12,23,123,72,73,17,18,66,68,117,118,62,63
12,24,124,73,74,18,19,67,69,118,119,63,64
5,74,19,68,119,64
9,25,125,65,75,20,21,71,120,121
12,26,126,65,66,75,76,21,22,70,72,121,122
12,27,127,66,67,76,77,22,23,71,73,122,123
12,28,128,67,68,77,78,23,24,72,74,123,124
9,29,129,68,69,78,79,24,73,124
11,70,71,25,26,76,125,126,31,131,80,81
12,71,72,26,27,75,77,126,127,32,132,81,82
12,72,73,27,28,76,78,127,128,33,133,82,83
12,73,74,28,29,77,79,128,129,34,134,83,84
5,74,29,78,129,84
9,35,135,85,30,31,81,130,131,75
12,36,136,85,86,31,32,80,82,131,132,75,76
12,37,137,86,87,32,33,81,83,132,133,76,77
12,38,138,87,88,33,34,82,84,133,134,77,78
9,39,139,88,89,34,83,134,78,79
11,41,141,80,81,90,91,35,36,86,135,136
12,42,142,81,82,91,92,36,37,85,87,136,137
12,43,143,82,83,92,93,37,38,86,88,137,138
12,44,144,83,84,93,94,38,39,87,89,138,139
5,84,94,39,88,139
9,95,45,145,85,40,41,91,140,141
12,95,96,46,146,85,86,41,42,90,92,141,142
12,96,97,47,147,86,87,42,43,91,93,142,143
12,97,98,48,148,87,88,43,44,92,94,143,144
9,98,99,49,149,88,89,44,93,144
7,90,91,45,46,145,146,96
8,91,92,46,47,146,147,95,97
8,92,93,47,48,147,148,96,98
8,93,94,48,49,148,149,97,99
4,94,49,149,98
3,105,50,101
6,105,106,50,51,100,102
6,106,107,51,52,101,103
6,107,108,52,53,102,104
5,108,109,53,54,103
7,100,101,110,111,50,55,106
9,101,102,111,112,51,55,56,105,107
9,102,103,112,113,52,56,57,106,108
9,103,104,113,114,53,57,58,107,109
6,104,114,54,58,59,108
4,60,105,111,115
9,60,61,105,106,55,110,112,115,116
9,61,62,106,107,56,111,113,116,117
9,62,63,107,108,57,112,114,117,118
8,63,64,108,109,58,113,118,119
7,120,121,65,116,60,110,111
9,121,122,65,66,115,117,61,111,112
9,122,123,66,67,116,118,62,112,113
9,123,124,67,68,117,119,63,113,114
6,124,68,69,118,64,114
4,115,125,70,121
9,65,115,116,125,126,70,71,120,122
9,66,116,117,126,127,71,72,121,123
9,67,117,118,127,128,72,73,122,124
8,68,118,119,128,129,73,74,123
7,70,120,121,75,126,130,131
9,71,121,122,75,76,125,127,131,132
9,72,122,123,76,77,126,128,132,133
9,73,123,124,77,78,127,129,133,134
6,74,124,78,79,128,134
4,135,80,131,125
9,135,136,80,81,130,132,75,125,126
9,136,137,81,82,131,133,76,126,127
9,137,138,82,83,132,134,77,127,128
8,138,139,83,84,133,78,128,129
7,80,130,131,140,141,85,136
9,81,131,132,141,142,85,86,135,137
9,82,132,133,142,143,86,87,136,138
9,83,133,134,143,144,87,88,137,139
6,84,134,144,88,89,138
4,135,145,90,141
9,85,135,136,145,146,90,91,140,142
9,86,136,137,146,147,91,92,141,143
9,87,137,138,147,148,92,93,142,144
8,88,138,139,148,149,93,94,143
5,90,95,140,141,146
7,91,95,96,141,142,145,147
7,92,96,97,142,143,146,148
7,93,97,98,143,144,147,149
5,94,98,99,144,148
